000000000000000000000000000000000000000000000000000000000003
000000000000000000000000000000000000000000000000000000000003
000000000000000000000000000000000000000000000000000000000003
000000000000000000000055550000000055550000000000000000000003
000000000000000000000055550000000055550000000000000000000003
000000000000000000000055555555555555550000000000000000000003
000000000000000000005555555555555555555500000000000000000003
000000000000000000555550055555555550055555000000000000000003
000000000000000055555550055555555550055555550000000000000003
000000000000000000555555555555555555555555000000000000000003
000000000000000055555555555555555555555555550000000000000003
000000000000000000000555550000000055555000000000000000000003
000000000000000000000555550000000055555000000000000000000003
000000000000000000000000000000000000000000000000000000000003
000000000000000000000000000000000000000000000000000000000003
000000000000000000000000000000000000000000000000000000000003
000000000000000000000000000000000000000000000000000000000003
000000000000000000000000000000000000000000000000000000000003
000000000000000000000000000000000000000000000000000000000003
000000000000000000000000000000000000000000000000000000000003
000000000000000000000000000000000000000000000000000000000003
000000000000000000000000000000000000000000000000000000000003
000000000000000000000000000000000000000000000000000000000003
000000000000000000000000000000000000000000000000000000000003
000000000000000000000000000000000000000000000000000000000003
000000000000000000000000000000000000000000000000000000000003
000000000000000000000000000000000000000000000000000000000003
